    unsorted:	 385.5314224 385.5314224 385.5314224 385.5314224 385.5314224 385.5314224 385.5314224 385.5314224 385.5314224 385.5314224 385.5314224 385.5314224 385.5314224 385.5314224 385.5314224 385.5314224 385.5314224 385.5314224 385.5314224 385.5314224 345273.7008 350017.7228 353336.9660 357126.8887 362301.9032 339005.3835 337247.3650 335266.2270 365751.8116 325188.2925 322393.9754 318856.4958 377811.8110 379335.2736 384543.0866 388215.7971 392031.6146 395969.7412 310312.6174 305447.8818 404900.4904 407094.2808 291409.2822 422873.9391 424597.1113 425996.2146 418633.9752 437052.4329 441355.9294 280181.6175 260501.2906 262119.9437 268783.8245 257116.9454 253177.7822 457052.5636 237444.0430 468668.8051 474500.1528 483186.1117 480650.5029 484512.4573 487615.7034 497901.8594 501389.6307 229332.1432 507357.1547 219015.0050 512940.4817 513858.5719 515555.5577 202962.2486 188193.8958 530754.2516 436.3557486 624.3857699 189.5341106 977.8798275 1519.403247 2648.445889 4069.050313 5031.442277 5422.069447 7703.474503 8190.321351 9986.183403 12465.27401 13356.57334 15365.25431 16857.24778 23403.79013 25084.50458 27265.65409 32408.39531 39121.68012 48311.89339 58891.38936 154840.6731 79190.11205 85695.83692 114069.0828 583069.4569 591814.9924 620531.6604 1220673.684 3837629.415 5728909.568 6739186.004 20759323.79 271367924.3
      sorted:	 189.5341106 385.5314224 385.5314224 385.5314224 385.5314224 385.5314224 385.5314224 385.5314224 385.5314224 385.5314224 385.5314224 385.5314224 385.5314224 385.5314224 385.5314224 385.5314224 385.5314224 385.5314224 385.5314224 385.5314224 385.5314224 436.3557486 624.3857699 977.8798275 1519.403247 2648.445889 4069.050313 5031.442277 5422.069447 7703.474503 8190.321351 9986.183403 12465.27401 13356.57334 15365.25431 16857.24778 23403.79013 25084.50458 27265.65409 32408.39531 39121.68012 48311.89339 58891.38936 79190.11205 85695.83692 114069.0828 154840.6731 188193.8958 202962.2486 219015.0050 229332.1432 237444.0430 253177.7822 257116.9454 260501.2906 262119.9437 268783.8245 280181.6175 291409.2822 305447.8818 310312.6174 318856.4958 322393.9754 325188.2925 335266.2270 337247.3650 339005.3835 345273.7008 350017.7228 353336.9660 357126.8887 362301.9032 365751.8116 377811.8110 379335.2736 384543.0866 388215.7971 392031.6146 395969.7412 404900.4904 407094.2808 418633.9752 422873.9391 424597.1113 425996.2146 437052.4329 441355.9294 457052.5636 468668.8051 474500.1528 480650.5029 483186.1117 484512.4573 487615.7034 497901.8594 501389.6307 507357.1547 512940.4817 513858.5719 515555.5577 530754.2516 583069.4569 591814.9924 620531.6604 1220673.684 3837629.415 5728909.568 6739186.004 20759323.79 271367924.3
