    unsorted:	 385.5314224 385.5314224 385.5314224 385.5314224 385.5314224 385.5314224 385.5314224 385.5314224 385.5314224 385.5314224 385.5314224 385.5314224 385.5314224 385.5314224 385.5314224 385.5314224 385.5314224 385.5314224 385.5314224 385.5314224 461.4399185 325.0214440 597.9468552 988.3755497 1848.127823 1736.604425 2219.681406 3357.114969 4459.524208 5822.925051 5948.649086 12546.88688 13112.69080 15320.03842 9875.617119 15678.30507 19756.84649 21206.57605 22220.17963 26816.41320 37085.40943 43101.22953 53512.02073 65798.40824 278715.3721 277791.3507 281536.6257 273625.3245 269167.0808 303382.4716 301936.2625 305292.3435 298703.3623 312013.0053 321268.2675 256551.7122 251535.2972 247097.2279 244219.6685 329806.1967 336417.1082 347921.6668 348750.1950 353663.7860 362797.4874 366563.0442 372266.7095 374602.9174 377802.6966 387092.1843 233062.9620 228459.0586 391924.5314 393507.2614 220255.3411 216370.6690 408103.7424 410391.0564 415348.5541 427368.0374 431272.5573 444833.3688 449956.1217 456297.0210 457294.1289 466130.6203 467825.5254 471133.5196 81626.24856 142440.7076 111599.6958 116478.3065 481581.6320 494045.7616 499965.3858 511499.8438 522791.9238 532669.3123 552349.7969 578467.8949 585772.7766 613250.4830 645788.7101 658565.9271 1210468.635 4014536.231 5606599.016 6051987.021 21203279.72 327498371.2
      sorted:	 325.0214440 385.5314224 385.5314224 385.5314224 385.5314224 385.5314224 385.5314224 385.5314224 385.5314224 385.5314224 385.5314224 385.5314224 385.5314224 385.5314224 385.5314224 385.5314224 385.5314224 385.5314224 385.5314224 385.5314224 385.5314224 461.4399185 597.9468552 988.3755497 1736.604425 1848.127823 2219.681406 3357.114969 4459.524208 5822.925051 5948.649086 9875.617119 12546.88688 13112.69080 15320.03842 15678.30507 19756.84649 21206.57605 22220.17963 26816.41320 37085.40943 43101.22953 53512.02073 65798.40824 81626.24856 111599.6958 116478.3065 142440.7076 216370.6690 220255.3411 228459.0586 233062.9620 244219.6685 247097.2279 251535.2972 256551.7122 269167.0808 273625.3245 277791.3507 278715.3721 281536.6257 298703.3623 301936.2625 303382.4716 305292.3435 312013.0053 321268.2675 329806.1967 336417.1082 347921.6668 348750.1950 353663.7860 362797.4874 366563.0442 372266.7095 374602.9174 377802.6966 387092.1843 391924.5314 393507.2614 408103.7424 410391.0564 415348.5541 427368.0374 431272.5573 444833.3688 449956.1217 456297.0210 457294.1289 466130.6203 467825.5254 471133.5196 481581.6320 494045.7616 499965.3858 511499.8438 522791.9238 532669.3123 552349.7969 578467.8949 585772.7766 613250.4830 645788.7101 658565.9271 1210468.635 4014536.231 5606599.016 6051987.021 21203279.72 327498371.2
